unlabeled image predictions{image_id INT, score FLOAT} :-

{(432, 0.92), (846, 0.87), (927, 0.95), (658, 0.88), (341, 0.93), 
(789, 0.91), (258, 0.85), (613, 0.96), (724, 0.89), (502, 0.90), 
(876, 0.94), (235, 0.83), (679, 0.86), (903, 0.78), (547, 0.81), 
(718, 0.80), (321, 0.77), (845, 0.79), (487, 0.76), (920, 0.82), 

(135, 0.10), (976, 0.15), (642, 0.05), (398, 0.20), (589, 0.12), 
(271, 0.07), (834, 0.22), (193, 0.18), (765, 0.14), (548, 0.25), 
(381, 0.19), (704, 0.23), (219, 0.11), (896, 0.17), (450, 0.21), 
(267, 0.13), (839, 0.16), (390, 0.09), (529, 0.08), (684, 0.06), 

(777, 0.50), (822, 0.55), (649, 0.45), (592, 0.40), (861, 0.60), 
(473, 0.48), (930, 0.52), (710, 0.58), (351, 0.53), (622, 0.47)}
